0.020000
0.570000
1.080000
1.660000
2.200000
2.750000
3.290000
3.840000
4.370000
4.930000
5.460000
6.010000
6.550000
7.100000
7.620000
8.150000
8.710000
9.250000
9.790000
10.360000
10.910000
11.420000
11.940000
12.500000
13.070000
13.600000
14.150000
14.720000
15.290000
15.830000
16.360000
16.920000
17.450000
17.980000
18.520000
19.060000
19.630000
20.170000
20.720000
21.250000
21.810000
22.340000
22.880000
23.430000
23.990000
24.520000
25.040000
25.610000
26.160000
26.660000
27.230000
27.750000
28.300000
28.830000
29.350000
29.900000
30.460000
31.020000
31.560000
32.090000
32.660000
33.210000
33.760000
34.300000
34.860000
35.410000
35.960000
36.530000
37.090000
37.630000
38.180000
38.720000
39.260000
39.810000
40.340000
40.880000
41.470000
42.020000
42.560000
43.090000
43.630000
44.170000
44.720000
45.290000
45.840000
46.380000
46.930000
47.470000
48.000000
48.550000
49.110000
49.640000
50.200000
50.730000
51.260000
51.820000
52.350000
52.900000
53.470000
54.010000
54.550000
55.080000
55.610000
56.130000
56.690000
57.250000
57.820000
58.370000
58.900000
59.420000
59.990000
60.540000
61.080000
61.620000
62.150000
62.700000
63.250000
63.820000
64.350000
64.890000
65.430000
65.980000
66.550000
67.110000
67.660000
68.200000
68.750000
69.290000
69.840000
70.380000
70.940000
71.490000
72.020000
72.570000
73.110000
73.660000
74.210000
74.750000
75.290000
75.840000
76.380000
76.920000
77.470000
78.020000
78.570000
79.110000
79.660000
80.200000
80.740000
81.290000
81.820000
82.380000
82.880000
83.410000
83.970000
84.530000
85.080000
85.640000
86.200000
86.740000
87.280000
87.830000
88.360000
88.930000
89.470000
90.020000
90.560000
91.090000
91.630000
92.180000
92.720000
93.290000
93.800000
94.330000
94.850000
95.390000
95.990000
96.530000
97.080000
97.640000
98.190000
98.750000
99.290000
99.840000
100.380000
100.920000
101.430000
101.960000
102.510000
103.030000
103.560000
104.120000
104.700000
105.240000
105.810000
106.370000
106.910000
107.450000
108.010000
108.560000
109.100000
109.650000
110.180000
110.700000
111.230000
111.770000
112.320000
112.860000
113.400000
113.960000
114.490000
115.040000
115.610000
116.130000
116.660000
117.200000
117.750000
118.320000
118.860000
119.410000
119.960000
120.510000
121.080000
121.610000
122.160000
122.710000
123.260000
123.780000
124.330000
124.860000
125.440000
125.970000
126.520000
127.060000
127.620000
128.140000
128.720000
129.250000
129.830000
130.360000
130.910000
131.440000
131.990000
132.530000
133.070000
133.640000
134.200000
134.750000
135.290000
135.830000
136.380000
136.930000
137.470000
138.000000
138.550000
139.110000
139.650000
140.180000
140.750000
141.290000
141.820000
142.370000
142.930000
143.470000
144.020000
144.570000
145.110000
145.650000
146.200000
146.730000
147.260000
147.810000
148.370000
148.910000
149.450000
150.020000
150.570000
151.110000
151.660000
152.200000
152.750000
153.290000
153.840000
154.390000
154.960000
