0.000000
0.470000
0.930000
1.400000
1.870000
2.340000
2.810000
3.280000
3.740000
4.210000
4.680000
5.150000
5.620000
6.090000
6.560000
7.030000
7.500000
7.970000
8.440000
8.920000
9.370000
9.840000
10.310000
10.780000
11.250000
11.720000
12.190000
12.650000
13.130000
13.590000
14.060000
14.530000
15.000000
15.470000
15.940000
16.400000
16.880000
17.340000
17.810000
18.280000
18.750000
19.220000
19.690000
20.150000
20.620000
21.090000
21.560000
22.030000
22.500000
22.970000
23.440000
23.910000
24.370000
24.840000
25.310000
25.780000
26.250000
26.720000
27.190000
27.660000
28.120000
28.590000
29.060000
29.530000
30.000000
30.470000
30.940000
31.410000
31.870000
32.340000
32.810000
33.280000
33.750000
34.220000
34.690000
35.160000
35.620000
36.090000
36.560000
37.030000
37.500000
37.970000
38.440000
38.920000
39.360000
39.840000
40.310000
40.780000
41.240000
41.720000
42.190000
42.660000
43.110000
43.590000
44.060000
44.530000
44.990000
45.470000
45.940000
46.410000
46.870000
47.340000
47.810000
48.280000
48.750000
49.220000
49.690000
50.160000
50.630000
51.090000
51.560000
52.030000
52.500000
52.970000
53.440000
53.920000
54.380000
54.840000
55.310000
55.780000
56.250000
56.720000
57.190000
57.660000
58.120000
58.590000
59.060000
59.530000
60.000000
60.470000
60.940000
61.410000
61.870000
62.340000
62.810000
63.280000
63.750000
64.220000
64.690000
65.150000
65.620000
66.090000
66.560000
67.030000
67.500000
67.970000
68.440000
68.910000
69.370000
69.840000
70.310000
70.780000
71.250000
71.720000
72.190000
72.660000
73.120000
73.590000
74.060000
74.530000
75.000000
75.470000
75.940000
76.410000
76.870000
77.340000
77.810000
78.280000
78.750000
79.220000
79.690000
80.160000
80.620000
81.090000
81.560000
82.030000
82.500000
82.970000
83.440000
83.910000
84.370000
84.840000
85.310000
85.800000
86.250000
86.720000
87.180000
87.650000
88.120000
88.590000
89.060000
89.530000
89.990000
90.460000
90.930000
91.400000
91.870000
92.340000
92.810000
93.280000
93.750000
94.220000
94.690000
95.150000
95.630000
96.090000
96.560000
97.030000
97.500000
97.970000
98.440000
98.900000
99.380000
99.840000
100.320000
100.780000
101.250000
101.720000
102.190000
102.650000
103.130000
103.590000
104.060000
104.530000
105.000000
105.470000
105.940000
106.400000
106.880000
107.340000
107.820000
108.280000
108.750000
109.220000
109.690000
110.150000
110.630000
111.090000
111.560000
112.030000
112.500000
112.970000
113.440000
113.900000
114.380000
114.840000
115.320000
115.780000
116.250000
116.720000
117.190000
117.650000
118.130000
118.590000
119.070000
119.530000
120.000000
120.470000
120.940000
121.400000
121.870000
122.340000
122.810000
123.270000
123.750000
124.220000
124.680000
125.160000
125.620000
126.090000
126.560000
127.040000
127.500000
127.970000
128.430000
128.900000
129.360000
129.840000
130.320000
130.790000
131.250000
131.720000
132.190000
132.660000
133.130000
133.590000
134.060000
134.530000
135.000000
135.470000
135.940000
136.400000
136.870000
137.340000
137.810000
138.280000
138.750000
139.220000
139.690000
140.160000
140.620000
141.090000
141.560000
142.030000
142.500000
142.970000
143.440000
143.910000
144.370000
144.840000
145.310000
145.780000
146.250000
146.720000
147.190000
147.650000
148.120000
148.590000
149.060000
149.530000
150.000000
150.470000
150.940000
151.400000
151.870000
152.340000
152.810000
153.280000
153.750000
154.220000
154.690000
155.150000
155.620000
156.090000
156.560000
157.030000
157.500000
157.970000
158.440000
158.900000
159.370000
159.840000
160.310000
160.780000
161.250000
161.720000
162.190000
162.650000
163.120000
163.590000
164.060000
164.530000
165.000000
165.470000
165.940000
166.400000
166.870000
167.340000
167.820000
168.280000
168.750000
169.220000
169.700000
170.160000
170.630000
171.100000
171.570000
172.030000
172.500000
172.970000
173.450000
173.900000
174.370000
174.840000
175.320000
175.780000
176.250000
176.720000
177.190000
177.660000
178.130000
178.600000
179.080000
179.530000
180.020000
180.470000
180.940000
181.410000
181.880000
182.350000
182.820000
183.280000
183.750000
184.220000
184.690000
185.170000
185.690000
186.180000
186.660000
187.150000
187.610000
188.090000
188.580000
189.070000