0.040000
0.590000
1.080000
1.610000
2.150000
2.720000
3.290000
3.850000
4.420000
4.970000
5.460000
6.030000
6.590000
7.160000
7.680000
8.250000
8.770000
9.320000
9.870000
10.430000
10.970000
11.500000
12.050000
12.620000
13.190000
13.720000
14.260000
14.820000
15.370000
15.920000
16.480000
17.030000
17.600000
18.160000
18.700000
19.240000
19.790000
20.330000
20.890000
21.460000
22.020000
22.560000
23.120000
23.660000
24.200000
24.760000
25.320000
25.860000
26.410000
26.960000
27.530000
28.080000
28.620000
29.180000
29.730000
30.270000
30.810000
31.350000
31.920000
32.460000
33.020000
33.560000
34.110000
34.660000
35.180000
35.740000
36.290000
36.870000
37.400000
37.970000
38.520000
39.060000
39.610000
40.160000
40.720000
41.290000
41.850000
42.390000
42.980000
43.510000
44.040000
44.590000
45.110000
45.690000
46.250000
46.770000
47.350000
47.890000
48.440000
48.980000
49.520000
50.080000
50.640000
51.170000
51.730000
52.280000
52.830000
53.380000
53.920000
54.460000
55.040000
55.590000
56.140000
56.700000
57.240000
57.760000
58.320000
58.900000
59.490000
60.010000
60.550000
61.080000
61.660000
62.230000
62.760000
63.300000
63.860000
64.370000
64.930000
65.480000
66.040000
66.580000
67.130000
67.690000
68.260000
68.790000
69.380000
69.940000
70.480000
71.010000
71.570000
72.110000
72.650000
73.190000
73.750000
74.320000
74.840000
75.390000
75.940000
76.490000
77.060000
77.630000
78.210000
78.740000
79.280000
79.830000
80.350000
80.890000
81.450000
82.020000
82.590000
83.130000
83.670000
84.230000
84.800000
85.330000
85.890000
86.430000
86.980000
87.510000
88.090000
88.650000
89.210000
89.750000
90.280000
90.820000
91.360000
91.910000
92.470000
93.020000
93.560000
94.120000
94.670000
95.190000
95.740000
96.320000
96.880000
97.390000
97.950000
98.490000
99.060000
99.610000
100.190000
100.760000
101.310000
101.840000
102.380000
102.920000
103.490000
104.020000
104.580000
105.130000
105.700000
106.260000
106.810000
107.340000
107.910000
108.440000
109.000000
109.520000
110.070000
110.600000
111.170000
111.740000
112.320000
112.850000
113.380000
113.960000
114.520000
115.060000
115.590000
116.120000
116.660000
117.210000
117.770000
118.330000
118.890000
119.440000
120.010000
120.560000
121.110000
121.620000
122.160000
122.710000
123.260000
123.840000
124.400000
124.960000
125.510000
126.030000
126.590000
127.160000
127.730000
128.280000
128.830000
129.360000
129.900000
130.470000
131.030000
131.580000
132.100000
132.650000
133.220000
133.760000
134.290000
134.840000
135.410000
135.980000
136.540000
137.090000
137.630000
138.180000
138.730000
139.260000
139.820000
140.370000
140.930000
141.480000
141.980000
142.540000
143.110000
143.650000
144.220000
144.790000
145.360000
145.890000
146.430000
147.010000
147.560000
148.080000
148.630000
149.190000
149.760000
150.310000
150.820000
151.380000
151.940000
152.480000
153.030000
153.590000
154.130000
154.680000
155.210000
155.780000
156.340000
156.870000
157.440000
158.020000
158.570000
159.090000
159.610000
160.150000
160.730000
161.280000
161.840000
162.420000
162.970000
163.470000
164.000000
164.550000
165.110000
165.640000
166.200000
166.770000
167.340000
167.900000
168.450000
169.020000
169.570000
170.110000
170.650000
171.210000
171.730000
172.320000
172.860000
173.400000
173.940000
174.490000
175.050000
175.630000
176.170000
176.730000
177.270000
177.840000
178.390000
178.910000
179.440000
180.000000
180.540000
181.100000
181.640000
182.190000
182.720000
183.290000
183.870000
184.430000
184.980000
185.530000
186.080000
186.640000
187.190000
187.740000
188.280000
188.820000
189.380000
189.940000
190.490000
191.050000
191.600000
192.150000
192.670000
193.230000
193.800000
194.350000
194.870000
195.430000
195.960000
196.530000
197.090000
197.640000
198.200000
198.740000
199.280000
199.860000
200.390000
200.910000
201.490000
202.010000
202.550000
203.090000
203.650000
204.210000
204.770000
205.300000
205.850000
206.380000
206.960000
207.520000
208.080000
208.600000
209.130000
209.700000
210.280000
210.840000
211.380000
211.910000
212.440000
212.990000
213.530000
214.100000
214.640000
215.190000
215.760000
216.310000
216.860000
217.430000
218.010000
218.530000
219.090000
219.640000
220.190000
220.720000
221.280000
221.790000
222.340000
222.890000
223.460000
224.020000
224.550000
225.110000
225.660000
226.200000
226.760000
227.310000
227.870000
228.420000
228.960000
229.510000
230.060000
230.620000
231.190000
231.730000
232.250000
232.820000
233.370000
233.900000
234.460000
235.010000
235.580000
236.110000
236.670000
237.210000
237.790000
238.340000
238.890000
239.440000
239.980000
240.540000
241.080000
241.650000
242.190000
242.750000
243.280000
243.840000
244.390000
244.930000
245.500000
246.070000
246.620000
247.190000
247.710000
248.260000
248.790000
249.350000
249.900000
250.450000
251.000000
251.560000
252.100000
252.670000
253.240000
253.780000
254.320000
254.900000
255.450000
256.000000
256.550000
