0.010000
0.560000
1.110000
1.660000
2.220000
2.760000
3.310000
3.870000
4.410000
4.960000
5.520000
6.070000
6.620000
7.170000
7.720000
8.270000
8.820000
9.370000
9.920000
10.470000
11.020000
11.570000
12.120000
12.670000
13.220000
13.770000
14.320000
14.870000
15.430000
15.970000
16.520000
17.070000
17.620000
18.170000
18.730000
19.280000
19.820000
20.380000
20.930000
21.480000
22.030000
22.580000
23.130000
23.680000
24.230000
24.780000
25.330000
25.880000
26.430000
26.980000
27.530000
28.080000
28.630000
29.180000
29.730000
30.280000
30.830000
31.380000
31.940000
32.490000
33.040000
33.590000
34.140000
34.690000
35.240000
35.790000
36.340000
36.890000
37.440000
37.990000
38.540000
39.090000
39.640000
40.190000
40.740000
41.290000
41.840000
42.390000
42.940000
43.490000
44.040000
44.590000
45.140000
45.690000
46.240000
46.790000
47.350000
47.900000
48.450000
49.000000
49.550000
50.100000
50.650000
51.200000
51.750000
52.300000
52.850000
53.400000
53.950000
54.500000
55.050000
55.600000
56.150000
56.700000
57.250000
57.800000
58.360000
58.910000
59.460000
60.010000
60.560000
61.110000
61.660000
62.210000
62.760000
63.310000
63.860000
64.410000
64.960000
65.510000
66.060000
66.610000
67.160000
67.710000
68.270000
68.820000
69.370000
69.930000
70.470000
71.020000
71.570000
72.120000
72.670000
73.220000
73.770000
74.320000
74.870000
75.420000
75.970000
76.520000
77.070000
77.620000
78.170000
78.720000
79.270000
79.820000
80.380000
80.920000
81.480000
82.030000
82.580000
83.130000
83.680000
84.230000
84.780000
85.330000
85.880000
86.430000
86.980000
87.530000
88.080000
88.630000
89.180000
89.740000
90.290000
90.840000
91.390000
91.940000
92.490000
93.040000
93.590000
94.140000
94.690000
95.230000
95.790000
96.340000
96.890000
97.440000
97.990000
98.540000
99.090000
99.640000
100.190000
100.740000
101.290000
101.840000
102.390000
102.940000
103.490000
104.040000
104.590000
105.140000
105.700000
106.240000
106.800000
107.350000
107.900000
108.450000
109.000000
109.550000
110.100000
110.650000
111.200000
111.750000
112.300000
112.850000
113.400000
113.950000
114.500000
115.050000
115.600000
116.150000
116.700000
117.250000
117.800000
118.360000
118.910000
119.460000
120.010000
120.560000
121.110000
121.660000
122.210000
122.760000
123.310000
123.860000
124.410000
124.960000
125.510000
126.060000
126.610000
127.160000
127.710000
128.260000
128.820000
129.370000
129.920000
130.470000
131.020000
131.570000
132.120000
132.680000
133.220000
133.780000
134.330000
134.870000
135.420000
135.980000
136.530000
137.080000
137.630000
138.180000
138.740000
139.280000
139.830000
140.380000
140.930000
141.480000
142.030000
142.580000
143.130000
143.680000
144.230000
144.780000
145.330000
145.880000
146.420000
146.980000
147.530000
148.080000
148.630000
149.180000
149.730000
150.280000
150.830000
151.380000
151.930000
152.490000
153.040000
153.590000
154.140000
154.690000
155.240000
155.790000
156.340000
156.890000
157.440000
157.990000
158.540000
159.090000
159.640000
160.190000
160.740000
161.290000
161.840000
162.390000
162.940000
163.490000
164.040000
164.600000
165.150000
165.700000
166.250000
166.800000
167.350000
167.910000
168.450000
169.000000
169.560000
170.100000
170.660000
171.210000
171.750000
172.310000
172.860000
173.410000
173.960000
174.510000
175.050000
175.600000
176.160000
176.700000
177.260000
177.820000
178.360000
178.910000
179.460000
180.010000
180.560000
181.110000
181.670000
182.220000
182.770000
183.310000
183.860000
184.410000
184.960000
185.520000
186.060000
186.630000
187.160000
187.720000
188.260000
188.820000
189.370000
189.920000
190.470000
191.020000
191.570000
192.120000
192.670000
193.220000
193.770000
194.320000
194.870000
195.420000
195.970000
196.530000
197.070000
197.630000
198.180000
198.730000
199.280000
199.830000
200.370000
200.920000
201.480000
202.030000
202.580000
203.130000
203.680000
204.230000
204.780000
205.330000
205.880000
206.430000
206.980000
207.530000
208.080000
208.630000
209.180000
209.730000
210.280000
210.830000
211.380000
211.930000
212.480000
213.030000
213.590000
214.140000
214.690000
215.240000
215.790000
216.340000
216.890000
217.440000
217.990000
218.540000
219.090000
219.640000
220.190000
220.740000
221.290000
221.840000
222.390000
222.940000
223.490000
224.040000
224.600000
225.150000
225.700000
226.250000
226.800000
227.350000
227.900000
228.450000
229.000000
229.550000
230.100000
230.650000
231.200000
231.750000
232.300000
232.850000
233.400000
233.950000
234.500000
235.050000
235.600000
236.160000
236.700000
237.250000
237.810000
238.360000
238.920000
239.460000
240.010000
240.560000
241.120000
241.660000
242.220000
242.770000
243.320000
243.860000
244.420000
244.970000
245.520000
246.060000
246.620000
247.170000
247.720000
248.270000
248.820000
249.370000
249.920000
250.470000
251.020000
251.570000
252.130000
252.680000
253.210000
253.770000
254.320000
254.870000
255.420000
255.980000
256.500000