0.050000
0.580000
1.140000
1.680000
2.230000
2.760000
3.320000
3.860000
4.410000
4.940000
5.500000
6.050000
6.600000
7.140000
7.690000
8.230000
8.780000
9.330000
9.870000
10.410000
10.960000
11.510000
12.060000
12.600000
13.140000
13.690000
14.240000
14.780000
15.320000
15.870000
16.410000
16.960000
17.510000
18.050000
18.600000
19.140000
19.690000
20.240000
20.780000
21.320000
21.870000
22.420000
22.970000
23.510000
24.050000
24.600000
25.150000
25.690000
26.230000
26.770000
27.320000
27.860000
28.410000
28.940000
29.500000
30.040000
30.590000
31.130000
31.680000
32.220000
32.780000
33.310000
33.860000
34.410000
34.960000
35.510000
36.060000
36.600000
37.140000
37.690000
38.240000
38.780000
39.330000
39.880000
40.420000
40.970000
41.510000
42.050000
42.600000
43.140000
43.690000
44.240000
44.790000
45.330000
45.870000
46.430000
46.970000
47.510000
48.050000
48.600000
49.140000
49.690000
50.240000
50.780000
51.320000
51.870000
52.410000
52.960000
53.510000
54.050000
54.600000
55.140000
55.690000
56.230000
56.780000
57.320000
57.870000
58.420000
58.960000
59.510000
60.050000
60.600000
61.140000
61.690000
62.240000
62.780000
63.330000
63.870000
64.420000
64.960000
65.510000
66.050000
66.600000
67.140000
67.690000
68.240000
68.780000
69.330000
69.870000
70.420000
70.960000
71.510000
72.050000
72.600000
73.150000
73.690000
74.240000
74.780000
75.330000
75.870000
76.420000
76.960000
77.510000
78.050000
78.600000
79.150000
79.690000
80.230000
80.780000
81.330000
81.870000
82.420000
82.960000
83.500000
84.050000
84.590000
85.140000
85.690000
86.230000
86.770000
87.320000
87.870000
88.410000
88.960000
89.500000
90.060000
90.590000
91.140000
91.690000
92.220000
92.770000
93.330000
93.870000
94.400000
94.950000
95.510000
96.050000
96.600000
97.150000
97.690000
98.230000
98.790000
99.330000
99.870000
100.410000
100.960000
101.480000
102.030000
102.600000
103.150000
103.690000
104.240000
104.780000
105.330000
105.870000
106.420000
106.960000
107.510000
108.050000
108.600000
109.140000
109.690000
110.230000
110.780000
111.320000
111.870000
112.420000
112.960000
113.510000
114.050000
114.600000
115.140000
115.690000
116.240000
116.780000
117.330000
117.870000
118.420000
118.960000
119.510000
120.050000
120.600000
121.140000
121.690000
122.230000
122.780000
123.320000
123.870000
124.410000
124.960000
125.510000
126.050000
126.600000
127.150000
127.690000
128.240000
128.780000
129.330000
129.870000
130.420000
130.960000
131.510000
132.050000
132.600000
133.140000
133.690000
134.230000
134.780000
135.320000
135.870000
136.410000
136.960000
137.510000
138.060000
138.590000
139.140000
139.690000
140.230000
140.780000
141.320000
141.870000
142.420000
142.960000
143.510000
144.050000
144.600000
145.140000
145.690000
146.230000
146.780000
147.320000
147.870000
148.420000
148.960000
149.500000
150.050000
150.600000
151.140000
151.680000
152.230000
152.780000
153.320000
153.870000
154.410000
154.960000
155.510000
156.050000
156.630000
157.150000