0.650000
1.180000
1.700000
2.240000
2.810000
3.360000
3.900000
4.500000
5.030000
5.610000
6.130000
6.720000
7.230000
7.750000
8.290000
8.880000
9.450000
9.980000
10.570000
11.160000
11.690000
12.210000
12.760000
13.290000
13.870000
14.410000
15.010000
15.560000
16.090000
16.670000
17.230000
17.740000
18.330000
18.860000
19.410000
19.940000
20.540000
21.080000
21.630000
22.190000
22.780000
23.330000
23.880000
24.470000
25.000000
25.570000
26.150000
26.700000
27.230000
27.770000
28.360000
28.920000
29.480000
30.030000
30.560000
31.090000
31.680000
32.230000
32.750000
33.320000
33.880000
34.450000
35.040000
35.570000
36.120000
36.650000
37.220000
37.770000
38.330000
38.890000
39.410000
39.990000
40.570000
41.110000
41.650000
42.240000
42.830000
43.380000
43.930000
44.470000
45.010000
45.580000
46.130000
46.680000
47.210000
47.780000
48.330000
48.880000
49.440000
50.010000
50.540000
51.070000
51.630000
52.180000
52.770000
53.340000
53.910000
54.440000
54.960000
55.530000
56.100000
56.650000
57.220000
57.790000
58.340000
58.910000
59.450000
60.000000
60.570000
61.100000
61.650000
62.220000
62.790000
63.350000
63.900000
64.430000
64.980000
65.580000
66.160000
66.700000
67.240000
67.790000
68.370000
68.940000
69.480000
70.010000
70.550000
71.100000
71.660000
72.200000
72.790000
73.390000
73.950000
74.480000
75.050000
75.600000
76.120000
76.670000
77.230000
77.790000
78.400000
78.920000
79.460000
80.000000
80.580000
81.120000
81.660000
82.200000
82.780000
83.330000
83.920000
84.460000
85.040000
85.600000
86.120000
86.690000
87.250000
87.830000
88.410000
88.920000
89.500000
90.060000
90.610000
91.150000
91.710000
92.260000
92.830000
93.380000
93.930000
94.440000
95.020000
95.560000
96.140000
96.750000
97.280000
97.810000
98.380000
98.910000
99.460000
100.000000
100.570000
101.110000
101.680000
102.270000
102.840000
103.370000
103.890000
104.430000
104.990000
105.560000
106.120000
106.690000
107.250000
107.820000
108.370000
108.920000
109.500000
110.020000
110.550000
111.130000
111.710000
112.260000
112.810000
113.350000
113.930000
114.490000
115.010000
115.550000
116.090000
116.670000
117.240000
117.800000
118.330000
118.920000
119.420000
119.990000
120.600000
121.250000
121.850000
122.440000
