0.000000
0.460000
0.920000
1.380000
1.850000
2.310000
2.770000
3.230000
3.690000
4.150000
4.620000
5.080000
5.540000
6.000000
6.460000
6.920000
7.380000
7.850000
8.310000
8.770000
9.230000
9.690000
10.150000
10.620000
11.080000
11.540000
12.000000
12.460000
12.920000
13.380000
13.850000
14.310000
14.770000
15.230000
15.690000
16.150000
16.620000
17.080000
17.540000
18.000000
18.460000
18.920000
19.380000
19.850000
20.310000
20.770000
21.230000
21.690000
22.150000
22.620000
23.080000
23.540000
24.000000
24.460000
24.920000
25.380000
25.850000
26.310000
26.770000
27.230000
27.690000
28.150000
28.620000
29.080000
29.540000
30.000000
30.460000
30.920000
31.380000
31.850000
32.310000
32.770000
33.230000
33.690000
34.150000
34.620000
35.080000
35.540000
36.000000
36.460000
36.920000
37.380000
37.850000
38.310000
38.770000
39.230000
39.690000
40.150000
40.620000
41.080000
41.540000
42.000000
42.460000
42.920000
43.380000
43.850000
44.310000
44.770000
45.230000
45.690000
46.150000
46.620000
47.080000
47.540000
48.000000
48.460000
48.920000
49.380000
49.850000
50.310000
50.770000
51.230000
51.690000
52.150000
52.620000
53.080000
53.540000
54.000000
54.460000
54.920000
55.380000
55.850000
56.310000
56.770000
57.230000
57.690000
58.150000
58.620000
59.080000
59.540000
60.000000
60.460000
60.920000
61.380000
61.850000
62.310000
62.770000
63.230000
63.690000
64.150000
64.620000
65.080000
65.540000
66.000000
66.460000
66.920000
67.380000
67.850000
68.310000
68.770000
69.230000
69.690000
70.150000
70.620000
71.080000
71.540000
72.000000
72.460000
72.920000
73.380000
73.850000
74.310000
74.770000
75.230000
75.690000
76.150000
76.620000
77.080000
77.540000
78.000000
78.460000
78.920000
79.380000
79.850000
80.310000
80.770000
81.230000
81.690000
82.150000
82.620000
83.080000
83.540000
84.000000
84.460000
84.920000
85.380000
85.850000
86.310000
86.770000
87.230000
87.690000
88.150000
88.620000
89.080000
89.540000
90.000000
90.460000
90.920000
91.380000
91.850000
92.310000
92.770000
93.230000
93.690000
94.150000
94.620000
95.080000
95.540000
96.000000
96.460000
96.920000
97.380000
97.850000
98.310000
98.770000
99.230000
99.690000
100.150000
100.620000
101.080000
101.540000
102.000000
102.460000
102.920000
103.380000
103.850000
104.310000
104.770000
105.230000
105.690000
106.150000
106.620000
107.080000
107.540000
108.000000
108.460000
108.920000
109.380000
109.850000
110.310000
110.770000
111.230000
111.690000
112.150000
112.620000
113.080000
113.540000
114.000000
114.460000
114.920000
115.380000
115.850000
116.310000
116.770000
117.230000
117.690000
118.150000
118.620000
119.080000
119.540000
120.000000
120.460000
120.920000
121.380000
121.850000
122.310000
122.770000
123.230000
123.690000
124.150000
124.620000
125.080000
125.540000
126.000000
126.460000
126.920000
127.380000
127.850000
128.310000
128.770000
129.230000
129.690000
130.150000
130.620000
131.080000
131.540000
132.000000
132.460000
132.920000
133.380000
133.850000
134.310000
134.770000
135.230000
135.690000
136.150000
136.620000
137.080000
137.540000
138.000000
138.460000
138.920000
139.380000
139.850000
140.310000
140.770000
141.230000
141.690000
142.150000
142.620000
143.080000
143.540000
144.000000
144.460000
144.920000
145.380000
145.850000
146.310000
146.770000
147.230000
147.690000
148.150000
148.620000
149.080000
149.540000
150.000000
150.460000
150.920000
151.380000
151.850000
152.310000
152.770000
153.230000
153.690000
154.150000
154.620000
155.080000
155.540000
156.000000
156.460000
156.920000
157.380000
157.850000
158.310000
158.770000
159.230000
159.690000
160.150000
160.620000
161.080000
161.540000
162.000000
162.460000
162.920000
163.380000
163.850000
164.310000
164.770000
165.230000
165.690000
166.150000
166.620000
167.080000
167.540000
168.000000
168.460000
168.920000
169.380000
169.850000
170.310000
170.770000
171.230000
171.690000
172.150000
172.620000
173.080000
173.540000
174.000000
174.460000
174.920000
175.380000
175.850000
176.310000
176.770000
177.230000
177.690000
178.150000
178.620000
179.080000
179.540000
180.000000
180.460000
180.920000
181.380000
181.850000
182.310000
182.770000
183.230000
183.690000
184.150000
184.620000
185.080000
185.540000
186.000000
186.460000
186.920000
187.380000
187.850000
188.310000
188.770000
189.230000
189.690000
190.150000
190.620000
191.080000
191.540000
192.000000
192.460000
192.920000
193.380000
193.850000
194.310000
194.770000
195.230000
195.690000
196.150000
196.620000
197.080000
197.540000
198.000000
198.460000
198.920000
199.380000
199.850000
