0.390000
0.790000
1.190000
1.590000
2.000000
2.390000
2.790000
3.190000
3.600000
4.000000
4.400000
4.800000
5.190000
5.590000
5.990000
6.400000
6.790000
7.200000
7.600000
8.000000
8.400000
8.800000
9.200000
9.590000
10.000000
10.400000
10.800000
11.200000
11.600000
12.000000
12.400000
12.790000
13.190000
13.600000
13.990000
14.400000
14.800000
15.200000
15.600000
16.000000
16.400000
16.800000
17.200000
17.600000
17.990000
18.400000
18.790000
19.190000
19.590000
19.990000
20.400000
20.800000
21.190000
21.590000
22.000000
22.400000
22.790000
23.190000
23.600000
24.000000
24.400000
24.800000
25.190000
25.590000
25.990000
26.400000
26.790000
27.200000
27.600000
27.990000
28.390000
28.800000
29.200000
29.590000
29.990000
30.390000
30.790000
31.190000
31.590000
31.990000
32.390000
32.790000
33.190000
33.590000
33.990000
34.390000
34.790000
35.190000
35.590000
35.990000
36.390000
36.790000
37.190000
37.600000
37.990000
38.390000
38.790000
39.200000
39.600000
40.000000
40.400000
40.800000
41.190000
41.590000
41.990000
42.390000
42.790000
43.190000
43.590000
43.990000
44.390000
44.790000
45.190000
45.600000
45.990000
46.400000
46.790000
47.190000
47.590000
47.990000
48.390000
48.790000
49.190000
49.590000
49.990000
50.390000
50.790000
51.190000
51.590000
52.000000
52.400000
52.790000
53.200000
53.590000
53.990000
54.390000
54.790000
55.190000
55.590000
56.000000
56.400000
56.790000
57.190000
57.590000
57.990000
58.400000
58.800000
59.200000
59.590000
59.990000
60.390000
60.800000
61.200000
61.590000
61.990000
62.390000
62.800000
63.190000
63.600000
64.000000
64.400000
64.800000
65.190000
65.590000
66.000000
66.390000
66.800000
67.190000
67.590000
67.990000
68.390000
68.790000
69.200000
69.590000
70.000000
70.390000
70.790000
71.200000
71.600000
71.990000
72.400000
72.800000
73.200000
73.590000
73.990000
74.390000
74.790000
75.190000
75.600000
75.990000
76.390000
76.790000
77.200000
77.600000
78.000000
78.390000
78.800000
79.190000
79.600000
79.990000
80.390000
80.800000
81.190000
81.590000
81.990000
82.390000
82.790000
83.190000
83.590000
84.000000
84.400000
84.790000
85.190000
85.590000
85.990000
86.390000
86.800000
87.190000
87.590000
88.000000
88.390000
88.790000
89.190000
89.590000
89.990000
90.390000
90.790000
91.190000
91.590000
91.990000
92.390000
92.790000
93.190000
93.590000
93.990000
94.390000
94.790000
95.190000
95.590000
95.990000
96.390000
96.790000
97.190000
97.590000
97.990000
98.390000
98.790000
99.190000
99.590000
99.990000
100.390000
100.790000
101.190000
101.590000
101.990000
102.390000
102.790000
103.190000
103.590000
104.000000
104.400000
104.800000
105.190000
105.590000
105.990000
106.390000
106.780000
107.190000
107.590000
107.990000
108.390000
108.790000
109.190000
109.600000
109.990000
110.390000
110.790000
111.190000
111.590000
111.990000
112.390000
112.790000
113.190000
113.590000
113.980000
114.390000
114.790000
115.200000
115.600000
116.000000
116.400000
116.800000
117.200000
117.590000
118.000000
118.400000
118.800000
119.200000
119.600000
120.000000
120.400000
120.800000
121.200000
121.600000
122.000000
122.390000
122.800000
123.200000
123.600000
123.990000
124.400000
124.800000
125.200000
125.600000
125.990000
126.390000
126.790000
127.190000
127.590000
127.990000
128.390000
128.790000
129.200000
129.600000
129.990000
130.390000
130.800000
131.190000
131.590000
131.990000
132.400000
132.790000
133.190000
133.590000
133.990000
134.390000
134.790000
135.190000
135.590000
135.990000
136.390000
136.790000
137.190000
137.590000
137.990000
138.390000
138.790000
139.190000
139.590000
139.990000
140.390000
140.790000
141.190000
141.600000
142.000000
142.400000
142.790000
143.190000
143.590000
143.990000
144.390000
144.790000
145.190000
145.590000
145.990000
146.390000
146.800000
147.190000
147.590000
147.990000
148.400000
148.790000
149.190000
149.590000
149.990000
150.390000
150.790000
151.190000
151.590000
151.990000
152.390000
152.790000
153.190000
153.590000
153.990000
154.400000
154.800000
155.190000
155.590000
155.990000
156.390000
156.790000
157.190000
157.590000
157.990000
158.390000
158.790000
159.200000
159.590000
160.000000
160.390000
160.790000
161.190000
161.590000
161.990000
162.390000
162.790000
163.190000
163.590000
164.000000
164.400000
164.800000
165.190000
165.590000
165.990000
166.390000
166.790000
167.200000
167.590000
167.990000
168.390000
168.790000
169.190000
169.590000
170.000000
170.390000
170.790000
171.190000
171.590000
171.990000
172.390000
172.790000
173.190000
173.590000
173.990000
174.390000
174.790000
175.190000
175.590000
175.990000
176.390000
176.790000
177.190000
177.590000
177.990000
178.390000
178.790000
179.190000
179.590000
179.990000
180.390000
180.790000
181.190000
181.590000
181.990000
182.390000
182.790000
183.190000
183.590000
183.990000
184.390000
184.790000
185.190000
185.590000
185.990000
186.390000
186.790000
187.190000
187.590000
187.990000
188.390000
188.790000
189.190000
189.590000
189.990000
190.390000
190.790000
191.190000
191.590000
191.990000
192.390000
192.800000
193.190000
193.600000
194.000000
194.400000
194.800000
195.200000
195.610000
