0.360000
0.750000
0.930000
1.320000
1.690000
2.080000
2.460000
2.830000
3.200000
3.610000
4.030000
4.410000
4.800000
5.200000
5.610000
6.010000
6.420000
6.830000
7.240000
7.630000
8.030000
8.400000
8.800000
9.180000
9.580000
10.000000
10.420000
10.820000
11.220000
11.600000
12.000000
12.410000
12.790000
13.210000
13.630000
14.050000
14.460000
14.840000
15.240000
15.640000
16.010000
16.430000
16.810000
17.210000
17.630000
18.030000
18.430000
18.810000
19.210000
19.600000
20.010000
20.420000
20.840000
21.240000
21.630000
22.040000
22.430000
22.840000
23.230000
23.620000
24.020000
24.410000
24.810000
25.220000
25.590000
26.010000
26.410000
26.830000
27.240000
27.630000
28.020000
28.410000
28.810000
29.250000
29.620000
30.020000
30.410000
30.810000
31.200000
31.610000
32.010000
32.430000
32.820000
33.220000
33.630000
34.040000
34.460000
34.830000
35.230000
35.650000
36.030000
36.440000
36.810000
37.210000
37.590000
38.010000
38.410000
38.810000
39.230000
39.620000
40.030000
40.460000
40.850000
41.220000
41.590000
42.010000
42.410000
42.810000
43.200000
43.640000
44.050000
44.460000
44.870000
45.290000
45.680000
46.060000
46.460000
46.840000
47.230000
47.630000
48.030000
48.430000
48.850000
49.230000
49.640000
50.050000
50.460000
50.830000
51.250000
51.640000
52.040000
52.430000
52.830000
53.210000
53.610000
54.010000
54.410000
54.830000
55.240000
55.650000
56.030000
56.410000
56.800000
57.190000
57.590000
57.990000
58.440000
58.830000
59.240000
59.680000
60.100000
60.480000
60.880000
61.270000
61.650000
62.030000
62.410000
62.780000
63.160000
63.560000
63.980000
64.400000
64.850000
65.270000
65.660000
66.040000
66.440000
66.800000
67.200000
67.580000
68.010000
68.410000
68.810000
69.230000
69.630000
70.010000
70.410000
70.820000
71.230000
71.640000
72.060000
72.460000
72.870000
73.260000
73.640000
74.050000
74.440000
74.820000
75.200000
75.620000
76.030000
76.440000
76.840000
77.230000
77.630000
78.040000
78.430000
78.850000
79.240000
79.650000
80.040000
80.440000
80.850000
81.240000
81.630000
82.030000
82.440000
82.830000
83.220000
83.630000
84.040000
84.430000
84.860000
85.280000
85.690000
86.080000
86.480000
86.900000
87.290000
87.680000
88.050000
88.450000
88.840000
89.230000
89.600000
89.980000
90.380000
90.760000
91.180000
91.620000
92.010000
92.420000
92.810000
93.230000
93.650000
94.040000
94.440000
94.830000
95.230000
95.620000
96.010000
96.430000
96.850000
97.230000
97.630000
98.030000
98.440000
98.850000
99.240000
99.620000
100.030000
100.390000
100.810000
101.200000
101.640000
102.060000
102.460000
102.880000
103.260000
103.660000
104.070000
104.470000
104.860000
105.260000
105.640000
106.040000
106.440000
106.830000
107.200000
107.590000
107.970000
108.360000
108.780000
109.220000
109.670000
110.060000
110.480000
110.860000
111.240000
111.650000
112.030000
112.430000
112.810000
113.190000
113.560000
113.950000
114.330000
114.690000
115.090000
115.470000
115.850000
116.240000
116.690000
117.080000
117.490000
117.870000
118.240000
118.610000
118.990000
119.340000
119.710000
120.080000
120.460000
120.850000
121.230000
121.610000
122.010000
122.390000
122.790000
123.210000
123.630000
124.030000
124.450000
124.830000
125.220000
125.670000
126.060000
126.450000
126.860000
127.250000
127.630000
128.040000
128.430000
128.790000
129.200000
129.590000
130.010000
130.430000
130.830000
131.210000
131.610000
132.010000
132.430000
132.810000
133.210000
133.630000
134.030000
134.420000
134.810000
135.210000
135.620000
136.010000
136.420000
136.820000
137.240000
137.620000
138.010000
138.410000
138.830000
139.230000
139.660000
140.090000
140.490000
140.880000
141.270000
141.650000
142.030000
142.430000
142.830000
143.230000
143.630000
144.020000
144.420000
144.830000
145.240000
145.660000
146.050000
146.460000
146.860000
147.260000
147.630000
148.010000
148.410000
148.780000
149.180000
149.600000
150.000000
150.390000
150.790000
151.230000
151.640000
152.070000
152.450000
152.850000
153.250000
153.650000
154.040000
154.430000
154.800000
155.190000
155.580000
155.970000
156.380000
156.770000
157.180000
157.590000
157.990000
158.380000
158.780000
159.180000
159.590000
160.000000
160.400000
160.810000
161.220000
161.590000
161.990000
162.410000
162.810000
163.220000
163.650000
164.060000
164.460000
164.870000
165.250000
165.640000
166.020000
166.430000
166.830000
167.260000
167.670000
168.070000
168.440000
168.830000
169.200000
169.600000
169.970000
170.360000
170.770000
171.170000
171.550000
171.940000
172.320000
172.710000
173.170000
173.580000
174.010000
174.430000
174.830000
175.260000
175.660000
176.050000
176.430000
176.810000
177.210000
177.640000
178.040000
178.460000
178.860000
179.250000
179.620000
180.010000
180.380000
180.780000
181.190000
181.640000
182.040000
182.470000
182.860000
183.290000
183.660000
184.050000
184.460000
184.860000
185.250000
185.630000
186.020000
186.420000
186.810000
187.220000
187.590000
187.980000
188.350000
188.730000
189.110000
189.480000
189.860000
190.240000
190.620000
191.020000
191.390000
191.790000
192.180000
192.570000
192.970000
193.390000
193.800000
194.190000
194.580000
194.980000
195.390000
195.790000
