0.450000
0.850000
1.250000
1.650000
2.050000
2.450000
2.850000
3.250000
3.650000
4.050000
4.450000
4.850000
5.250000
5.650000
6.050000
6.450000
6.850000
7.250000
7.650000
8.050000
8.450000
8.850000
9.250000
9.650000
10.050000
10.450000
10.850000
11.250000
11.650000
12.050000
12.450000
12.850000
13.250000
13.650000
14.050000
14.450000
14.850000
15.250000
15.650000
16.050000
16.450000
16.850000
17.250000
17.650000
18.050000
18.450000
18.850000
19.250000
19.650000
20.050000
20.450000
20.850000
21.250000
21.650000
22.050000
22.450000
22.850000
23.250000
23.650000
24.050000
24.450000
24.850000
25.250000
25.650000
26.050000
26.450000
26.850000
27.250000
27.650000
28.050000
28.450000
28.850000
29.250000
29.650000
30.050000
30.450000
30.850000
31.250000
31.650000
32.050000
32.450000
32.850000
33.250000
33.650000
34.050000
34.450000
34.850000
35.250000
35.650000
36.050000
36.450000
36.850000
37.250000
37.650000
38.050000
38.450000
38.850000
39.250000
39.650000
40.050000
40.450000
40.850000
41.250000
41.650000
42.050000
42.450000
42.850000
43.250000
43.650000
44.050000
44.450000
44.850000
45.250000
45.650000
46.050000
46.450000
46.850000
47.250000
47.650000
48.050000
48.450000
48.850000
49.250000
49.650000
50.050000
50.450000
50.850000
51.250000
51.650000
52.050000
52.450000
52.850000
53.250000
53.650000
54.050000
54.450000
54.850000
55.250000
55.650000
56.050000
56.450000
56.850000
57.250000
57.650000
58.050000
58.450000
58.850000
59.250000
59.650000
60.050000
60.450000
60.850000
61.250000
61.650000
62.050000
62.450000
62.850000
63.250000
63.650000
64.050000
64.450000
64.850000
65.250000
65.650000
66.050000
66.450000
66.850000
67.250000
67.650000
68.050000
68.450000
68.850000
69.250000
69.650000
70.050000
70.450000
70.850000
71.250000
71.650000
72.050000
72.450000
72.850000
73.250000
73.650000
74.050000
74.450000
74.850000
75.250000
75.650000
76.050000
76.450000
76.850000
77.250000
77.650000
78.050000
78.450000
78.850000
79.250000
79.650000
80.050000
80.450000
80.850000
81.250000
81.650000
82.050000
82.450000
82.850000
83.250000
83.650000
84.050000
84.450000
84.850000
85.250000
85.650000
86.050000
86.450000
86.850000
87.250000
87.650000
88.050000
88.450000
88.850000
89.250000
89.650000
