0.000000
0.510000
1.050000
1.600000
2.140000
2.690000
3.230000
3.780000
4.320000
4.870000
5.410000
5.960000
6.510000
7.050000
7.600000
8.140000
8.690000
9.230000
9.780000
10.320000
10.870000
11.410000
11.960000
12.510000
13.050000
13.600000
14.140000
14.690000
15.230000
15.780000
16.320000
16.870000
17.410000
17.960000
18.510000
19.050000
19.600000
20.140000
20.690000
21.230000
21.780000
22.320000
22.870000
23.410000
23.960000
24.510000
25.050000
25.600000
26.140000
26.690000
27.230000
27.780000
28.320000
28.870000
29.410000
29.960000
30.510000
31.050000
31.600000
32.140000
32.690000
33.230000
33.780000
34.320000
34.870000
35.410000
35.960000
36.510000
37.050000
37.600000
38.140000
38.690000
39.230000
39.780000
40.320000
40.870000
41.410000
41.960000
42.510000
43.050000
43.600000
