0.360000
0.830000
1.300000
1.780000
2.230000
2.670000
3.130000
3.550000
4.020000
4.430000
4.850000
5.290000
5.740000
6.180000
6.600000
7.090000
7.550000
7.990000
8.430000
8.880000
9.340000
9.780000
10.220000
10.670000
11.080000
11.540000
11.980000
12.440000
12.880000
13.350000
13.790000
14.220000
14.650000
15.100000
15.560000
16.000000
16.440000
16.850000
17.300000
17.780000
18.200000
18.650000
19.100000
19.540000
19.970000
20.410000
20.890000
21.330000
21.790000
22.200000
22.640000
23.100000
23.540000
23.980000
24.420000
24.880000
25.330000
25.790000
26.210000
26.660000
27.080000
27.510000
27.960000
28.410000
28.870000
29.320000
29.780000
30.200000
30.660000
31.140000
31.610000
32.040000
32.440000
32.880000
33.300000
33.730000
34.180000
34.620000
35.040000
35.490000
35.950000
36.380000
36.860000
37.290000
37.780000
38.210000
38.650000
39.090000
39.510000
39.940000
40.410000
40.860000
41.300000
41.710000
42.180000
42.610000
43.050000
43.480000
43.930000
44.360000
44.810000
45.250000
45.690000
46.140000
46.580000
47.040000
47.510000
47.930000
48.370000
48.820000
49.240000
49.690000
50.110000
50.550000
51.000000
51.460000
51.920000
52.380000
52.780000
53.230000
53.650000
54.080000
54.520000
54.970000
55.400000
55.840000
56.280000
56.730000
57.150000
57.580000
58.030000
58.500000
58.960000
59.400000
59.840000
60.300000
60.720000
61.170000
61.620000
62.050000
62.510000
62.930000
63.360000
63.790000
64.240000
64.670000
65.090000
65.550000
65.980000
66.410000
66.840000
67.320000
67.770000
68.220000
68.650000
69.100000
69.530000
69.940000
70.370000
70.820000
71.280000
71.720000
72.160000
72.630000
73.040000
73.470000
73.900000
74.330000
74.760000
75.230000
75.700000
76.150000
76.570000
77.020000
77.460000
77.910000
78.360000
78.830000
79.270000
79.700000
80.140000
80.550000
80.990000
81.450000
81.930000
82.340000
82.770000
83.210000
83.650000
84.070000
84.490000
84.940000
85.360000
85.810000
86.260000
86.720000
87.130000
87.560000
88.000000
88.430000
88.880000
89.330000
89.790000
90.240000
90.690000
91.150000
91.570000
91.980000
92.420000
92.850000
93.310000
93.750000
94.180000
94.650000
95.070000
95.500000
95.950000
96.410000
96.830000
97.300000
97.750000
98.180000
98.590000
99.040000
99.480000
99.920000
100.360000
100.780000
101.220000
101.660000
102.080000
102.530000
102.960000
103.390000
103.840000
104.310000
104.740000
105.150000
105.560000
106.030000
106.480000
106.920000
107.350000
107.780000
108.240000
108.710000
109.150000
109.580000
110.010000
110.440000
110.860000
111.350000
111.770000
112.210000
112.610000
113.050000
113.520000
113.960000
114.400000
114.820000
115.260000
115.680000
116.110000
116.580000
117.010000
117.420000
117.830000
118.270000
118.710000
119.140000
119.600000
120.050000
120.500000
120.930000
121.380000
121.810000
122.240000
122.640000
123.080000
123.540000
123.980000
124.400000
124.850000
125.300000
125.770000
126.210000
126.630000
127.050000
127.450000
127.890000
128.320000
128.740000
129.210000
129.650000
130.100000
130.540000
130.970000
131.430000
131.900000
132.360000
132.770000
133.210000
133.660000
134.070000
134.490000
134.920000
135.360000
135.790000
136.240000
136.660000
137.120000
137.550000
137.970000
138.440000
138.870000
139.300000
139.740000
140.150000
140.600000
141.050000
141.460000
141.890000
142.330000
142.790000
143.250000
143.670000
144.110000
144.530000
144.960000
145.420000
145.840000
146.280000
146.740000
147.190000
147.610000
148.070000
148.500000
148.960000
149.370000
149.820000
150.230000
150.660000
151.090000
151.500000
151.980000
152.430000
152.850000
153.270000
153.710000
154.140000
154.560000
155.020000
155.450000
155.880000
156.320000
156.780000
157.220000
157.650000
158.060000
158.490000
158.930000
159.370000
159.820000
160.280000
160.720000
161.160000
161.570000
162.000000
162.440000
162.860000
163.270000
163.700000
164.130000
164.600000
165.030000
165.480000
165.900000
166.320000
166.760000
167.220000
167.660000
168.100000
168.570000
169.000000
169.440000
169.890000
170.300000
170.740000
171.170000
171.630000
172.030000
172.450000
172.900000
173.330000
173.780000
174.200000
174.630000
175.060000
175.490000
175.930000
176.350000
176.790000
177.250000
177.680000
178.140000
178.570000
178.990000
179.410000
179.850000
180.300000
180.740000
181.180000
181.590000
182.030000
182.440000
182.870000
183.330000
183.750000
184.200000
184.660000
185.100000
185.540000
185.950000
186.380000
186.810000
187.260000
187.740000
