0.000000
0.550000
1.110000
1.640000
2.180000
2.730000
3.290000
3.830000
4.360000
4.910000
5.460000
6.000000
6.550000
7.090000
7.640000
8.180000
8.730000
9.280000
9.820000
10.370000
10.910000
11.460000
12.000000
12.550000
13.090000
13.640000
14.180000
14.730000
15.280000
15.820000
16.370000
16.910000
17.460000
18.000000
18.550000
19.100000
19.640000
20.180000
20.730000
21.280000
21.820000
22.370000
22.910000
23.460000
24.000000
24.550000
25.090000
25.640000
26.180000
26.730000
27.280000
27.820000
28.370000
28.910000
29.460000
30.000000
30.550000
31.090000
31.640000
32.180000
32.730000
33.270000
33.820000
34.370000
34.910000
35.460000
36.010000
36.550000
37.100000
37.640000
38.180000
38.730000
39.280000
39.820000
40.370000
40.910000
41.460000
42.000000
42.550000
43.090000
43.630000